15844
3628
23484
46045
43911
15874
57513
32377
32227
10714
27218
39498
31284
34537
41321
59919
39990
34477
32016
19099
53436
19433
12192
18448
16606
25874
43848
34070
57473
30309
28339
9278
5328
2740
52229
51982
35684
51564
8385
34278
19993
46732
60144
51625
58258
20094
29272
36581
54843
12352
62186
28523
21580
3138
9024
22037
8371
59960
22009
40543
44886
50121
49818
2318
52449
27181
8525
8916
29662
45377
20398
15181
39898
45074
15203
54515
42239
21766
37909
11064
6091
40854
33176
37288
28459
6795
46896
44938
34805
1193
6564
1464
44323
19087
56845
29215
29046
42942
37605
7142
5714
5759
9765
5937
62047
2734
25192
15740
33188
45841
60589
62064
47554
54144
56324
31425
12597
26737
8001
62869
15556
40573
2587
7939
35953
13955
17984
38487
3560
60735
44212
10838
1922
11300
5146
33752
59649
11448
14359
43313
14366
55393
34904
9722
7061
22619
57874
59520
16663
19722
8242
2870
28322
38105
44177
4821
53065
557
8686
39892
39942
14636
58171
55767
56240
35395
52071
41907
42741
8401
45360
27925
18392
28468
3949
34289
9291
52862
19236
9680
13038
49257
39138
14376
40104
55972
43365
64894
38669
53914
64960
29970
46991
26004
62625
6909
22453
29205
26487
61630
52231
51474
38757
32961
27494
20638
31044
47799
51322
37294
23975
11389
13272
51248
59509
25793
8387
56375
10987
50951
26967
9269
3513
63238
38571
36879
38589
22910
14111
33544
45552
13538
15956
37696
11934
23279
18395
2516
31778
14238
5437
401
13215
53240
35480
38177
45437
61141
57324
42000
26934
9269
27085
18580
27548
43078
51048
25264
61984
56182
1864
24788
1119
23383
23810
11774
18252
14067
53542
29315
14885
5768
16432
60193
3118
28951
27943
53679
31275
38808
40807
16516
58085
16525
35071
13646
53851
51496
12847
48624
27167
59813
38771
51856
18142
39686
6140
48896
15788
17216
58222
54302
43820
27783
15467
37658
10782
47832
43861
41364
43374
2689
32500
60016
49895
37204
10301
9161
22141
5347
57668
17324
12765
16568
32225
41660
35778
31213
27820
6713
26133
14573
37224
8757
17346
38786
21625
57710
49005
59428
44639
53856
24874
32044
6164
27885
62283
20879
45688
33295
39820
48054
3386
17162
11861
19331
12784
26715
51266
10620
51123
31252
26174
56370
42929
50112
22793
1237
18772
11705
26070
4751
19848
48394
46421
59448
49721
19967
23813
9995
43539
46240
1659
5636
61041
34165
42340
42570
15156
41215
10787
48124
52133
14492
64396
58862
58668
28024
49569
61683
30306
11440
42074
2586
63417
22660
49195
22831
31750
14411
54461
28762
43973
10560
27922
36984
54159
31883
14804
27390
62861
46046
35424
45808
64707
2490
44636
54822
26713
36133
13203
40971
31336
32406
460
13815
45589
64847
4947
56676
63879
9669
13462
48084
58989
15056
49751
20780
64761
20750
46177
50818
27207
46565
31958
26227
53683
13915
62024
12168
53679
50674
57150
36774
58761
24233
9305
65098
27540
23047
1547
34263
22380
52068
8950
59296
34801
26137
16379
5569
48464
21209
6605
22252
48687
42695
31982
50593
43324
22701
13175
39921
39670
64957
51005
8522
27712
62363
32276
16107
9633
6395
24656
1044
62274
50645
1622
27309
40723
20385
36031
51850
24293
18893
36318
53957
46258
40722
46917
61426
9471
6471
20709
31207
9123
31594
21843
15901
8023
49406
1663
17191
29101
46778
58122
24602
59565
1835
42502
18107
62032
6784
24545
23211
20027
10186
33650
31054
51184
28478
61528
10145
26930
28004
937
21281
62001
38453
44118
29576
10468
47544
33043
51843
50130
2475
11572
18232
45986
1425
63482
9050
19383
36908
8585
14648
2427
39835
47492
52162
21982
12224
2092
40203
49497
54798
45894
48137
43639
30213
14102
2262
36418
29558
53454
38527
6756
64152
32266
29683
30627
11005
39828
4587
47554
39247
2092
9053
21742
1259
34101
3990
25177
16927
39675
37652
10752
8275
14064
7225
14603
25788
62538
36313
30475
64287
55483
342
31377
60999
54316
44771
27638
1508
33133
31398
17714
34713
13050
39801
13436
18742
59611
6587
28229
17154
16090
23685
16246
9848
984
57349
45970
12426
65399
25225
30992
51778
27002
7617
49656
24580
59857
59547
60639
47846
16416
45718
39915
45198
16714
40263
10785
2492
63494
58082
58277
27971
56935
45681
4486
4649
18548
37619
28193
8000
55006
47017
26966
23945
48078
57272
19782
11581
36328
60553
45535
14214
38418
47778
12489
55647
59136
2811
14697
47730
2188
25789
38579
60931
45169
58262
23601
40876
29900
25416
50579
62111
56929
34920
12816
60464
63524
52791
62412
4618
55881
11475
43238
42459
38975
42888
20606
62389
65018
21349
12267
6644
12437
16449
56319
43449
19618
23743
42344
57874
44994
36479
7911
32175
40819
3328
11669
49266
19230
48637
55324
54981
50906
10049
63125
41277
3587
13029
43881
43912
38006
53525
45760
35446
37279
44262
45956
62022
23848
2600
49095
2155
47452
14036
39828
19211
17915
9823
34401
45305
1822
5453
36258
44699
39358
58137
39794
44031
31200
62771
54387
17902
30850
25210
37119
52153
61583
12526
35012
44552
28002
4571
12880
41974
47632
8642
747
54329
55877
17088
7175
15192
21196
6325
4926
18206
46201
2053
15910
26139
20303
51405
13544
20717
49248
47881
56121
38396
6841
41633
2021
28647
21895
26390
1311
61267
32521
57219
24680
51702
47079
15189
27951
49014
58534
49355
8927
2261
15905
3568
39604
1251
54662
54768
62798
42065
53237
60759
16367
38379
38885
62099
34757
111
50003
46767
29485
38585
41849
56216
55059
60812
49581
43748
1684
23554
19335
39152
22042
2256
10879
1519
5812
35771
14145
51134
23365
13176
23343
44612
11534
18836
10592
16101
35095
55258
24491
11376
257
33056
9948
54853
10713
64293
53890
15723
63220
60389
17454
10006
40904
11066
7747
31773
64144
17858
16270
43582
7258
12328
58737
53525
13929
15962
38402
44936
51839
2343
4433
37245
30835
6780
61507
18197
30946
9497
60252
30914
51220
42166
39886
23677
39580
63211
45096
62079
53176
137
17304
61793
9704
65121
15870
31900
16690
12258
17209
39803
29097
7722
56452
17333
18782
40680
48803
10334
46061
41026
40485
32316
31925
54826
8084
36725
11459
39415
34589
29927
25569
34755
47468
10498
23021
31020
31072
39255
62584
34827
6931
30483
51556
25760
57263
34324
